1352928121.0695
1352928128.7752
1352928185.9808
1352928186.981
1352928187.9812
1352928188.9815
1352928189.9817
1352928190.9819
1352928191.9822
1352928232.0407
1352928232.0417
1352928232.0452
1352928232.0462
1352928232.047
1352928232.0478
1352928232.5009
1352928246.5427
1352928247.5429
1352928248.5431
1352928249.5433
1352928250.5435
1352928251.5437
1352928252.544
1352928340.0039
1352928340.7041
1352928341.4043
1352928342.1045
1352928342.8047
1352928343.5049
1352928344.2052
1352929108.3273
1352929237.1496
1352929237.8498
1352929238.55
1352929239.2502
1352929239.9504
1353017837.4279
1353017923.4278
1353017924.128
1353017924.8281
1353017925.5283
1353017926.2286
1353017926.9288
1353017927.629
1353017928.3292
1353017929.0294
1353017929.7296
1353017930.4298
1353017931.1302
1353018424.6766
1353018436.1485
1353018437.9374
1353018438.9817
1353018440.7561
1353018441.8719
1353018442.9191
1353018444.0175
1353018489.0458
1353018490.3027
1353018491.3469
1353018492.4456
1353018493.5842
1353018494.6709
1353018521.4512
1353018524.5705
1353018525.2707
1353018525.9709
1353018526.6711
1353018527.3713
1353018528.0715
1353018528.7717
1353018529.4719
1353018530.1721
1353018530.8723
1353018531.5725
1353018532.8856
1353018559.3812
1353018610.4257
1353018611.1259
1353018611.8261
1353018612.5264
1353018613.2265
1353018613.9267
1353018614.6269
1353018615.3272
1353018616.0274
1353018616.7276
1353018617.4278
1353018618.128
1353018644.2378
1353018730.729
1353018731.4292
1353018732.1294
1353018732.8296
1353018733.5299
1353018734.2301
1353018734.9302
1353018735.6305
1353018736.3307
1353018737.0309
1353018737.7311
1353018738.5602
1353018755.3508
1353018851.9194
1353018852.6196
1353018853.3198
1353018854.02
1353018854.7203
1353018855.4205
1353018856.1207
1353018856.8209
1353018857.521
1353018858.2212
1353018858.9214
1353018859.6216
1353018882.36
1353018894.8149
1353018895.5151
1353018896.2153
1353018896.9155
1353018897.6157
1353018898.3159
1353018899.0161
1353018899.7163
1353018900.4165
1353018901.1167
1353018901.8169
1353018902.5171
1353019014.6999
1353019074.8276
1353019075.5278
1353019076.228
1353019076.9282
1353019077.6284
1353019078.3286
1353019079.0288
1353019079.729
1353019080.4292
1353019081.1295
1353019081.8297
1353019082.5299
1353020138.2843
1353020430.1283
1353020430.8285
1353020431.5287
1353020432.2289
1353020432.9292
1353020433.6294
1353020441.2139
1353020441.9141
1353020442.6143
1353020443.3145
1353020444.0147
1353020444.7149
1353020445.4151
